TOTAL_START=16.750999
PREPROCESSING_START=16.750999
PREPROCESSING_DONE=16.768999
SEARCH_START=16.816999
SEARCH_DONE=17.028999
SOLUTION_TIME=17.035000
STATUS=timeout
SOLUTION=0.230000(6,9,8,1,7,3,5,4,2,3,5,4,6,2,8,1,7,9,1,7,2,5,4,9,3,6,8,5,3,1,8,9,7,4,2,6,9,4,6,3,1,2,8,5,7,8,2,7,4,5,6,9,1,3,7,6,5,9,3,1,2,8,4,2,1,3,7,8,4,6,9,5,4,8,9,2,6,5,7,3,1)
COUNT_NODES=64
COUNT_DEADENDS=12
