TOTAL_START=32.624001
PREPROCESSING_START=32.624001
PREPROCESSING_DONE=32.653000
SEARCH_START=32.671001
SEARCH_DONE=50.009998
SOLUTION_TIME=50.019001
STATUS=timeout
SOLUTION=17.367996(3,C,5,6,4,7,9,A,8,B,2,1,8,7,B,A,3,C,1,2,5,4,6,9,4,2,9,1,6,8,5,B,A,7,3,C,2,6,8,3,7,9,C,4,B,1,5,A,A,1,C,7,B,6,8,5,3,9,4,2,9,B,4,5,A,2,3,1,C,6,8,7,B,3,7,8,9,1,6,C,4,2,A,5,5,A,6,9,2,3,4,7,1,C,B,8,1,4,2,C,5,B,A,8,9,3,7,6,C,8,A,2,1,4,B,6,7,5,9,3,6,5,3,B,C,A,7,9,2,8,1,4,7,9,1,4,8,5,2,3,6,A,C,B)
COUNT_NODES=5496
COUNT_DEADENDS=4916
