TOTAL_START=99.997002
PREPROCESSING_START=99.997002
PREPROCESSING_DONE=100.018997
SEARCH_START=100.028000
SEARCH_DONE=103.874001
SOLUTION_TIME=103.877998
STATUS=timeout
SOLUTION=3.867996(7,6,1,9,2,8,4,5,3,9,2,5,7,4,3,1,6,8,4,3,8,6,1,5,9,2,7,3,5,7,4,6,1,2,8,9,8,9,4,3,7,2,6,1,5,2,1,6,5,8,9,3,7,4,6,8,9,1,5,4,7,3,2,1,4,2,8,3,7,5,9,6,5,7,3,2,9,6,8,4,1)
COUNT_NODES=1636
COUNT_DEADENDS=1102
