TOTAL_START=214.949997
PREPROCESSING_START=214.949997
PREPROCESSING_DONE=214.968994
SEARCH_START=214.983994
SEARCH_DONE=216.806000
SOLUTION_TIME=216.809998
STATUS=timeout
SOLUTION=1.841003(4,2,8,5,3,1,7,9,6,3,6,5,9,4,7,1,8,2,9,7,1,2,6,8,4,3,5,2,1,4,8,9,6,5,7,3,6,9,7,4,5,3,2,1,8,5,8,3,1,7,2,9,6,4,8,4,9,6,1,5,3,2,7,7,5,2,3,8,9,6,4,1,1,3,6,7,2,4,8,5,9)
COUNT_NODES=701
COUNT_DEADENDS=485
