TOTAL_START=24.166000
PREPROCESSING_START=24.166000
PREPROCESSING_DONE=24.183001
SEARCH_START=24.209000
SEARCH_DONE=25.121000
SOLUTION_TIME=25.125000
STATUS=timeout
SOLUTION=0.929001(9,5,4,2,1,3,6,8,7,6,1,7,5,4,8,9,2,3,8,3,2,7,9,6,5,4,1,7,6,3,8,5,1,2,9,4,1,2,8,9,7,4,3,6,5,5,4,9,3,6,2,1,7,8,2,8,1,6,3,7,4,5,9,4,7,5,1,2,9,8,3,6,3,9,6,4,8,5,7,1,2)
COUNT_NODES=241
COUNT_DEADENDS=159
