TOTAL_START=213.199997
PREPROCESSING_START=213.199997
PREPROCESSING_DONE=213.210999
SEARCH_START=213.220001
SEARCH_DONE=214.925003
SOLUTION_TIME=214.931000
STATUS=timeout
SOLUTION=1.716003(7,8,2,6,1,4,3,5,9,4,3,9,8,2,5,1,7,6,6,5,1,9,3,7,4,2,8,2,9,3,4,7,1,8,6,5,5,6,8,3,9,2,7,1,4,1,4,7,5,6,8,2,9,3,3,2,6,7,4,9,5,8,1,9,7,5,1,8,3,6,4,2,8,1,4,2,5,6,9,3,7)
COUNT_NODES=510
COUNT_DEADENDS=292
