TOTAL_START=233.841003
PREPROCESSING_START=233.841003
PREPROCESSING_DONE=233.852997
SEARCH_START=233.860992
SEARCH_DONE=238.235992
SOLUTION_TIME=238.240005
STATUS=timeout
SOLUTION=4.386993(3,6,1,5,2,4,7,8,9,7,8,9,3,6,1,4,2,5,5,2,4,8,7,9,3,6,1,8,9,3,1,5,7,6,4,2,4,1,2,6,8,3,5,9,7,6,5,7,9,4,2,1,3,8,1,4,8,7,9,6,2,5,3,2,3,5,4,1,8,9,7,6,9,7,6,2,3,5,8,1,4)
COUNT_NODES=2077
COUNT_DEADENDS=1311
