TOTAL_START=435.846985
PREPROCESSING_START=435.846985
PREPROCESSING_DONE=435.869995
SEARCH_START=435.888000
SEARCH_DONE=438.408997
SOLUTION_TIME=438.412994
STATUS=timeout
SOLUTION=2.544006(3,8,4,5,6,7,9,2,1,1,2,6,4,3,9,7,8,5,7,5,9,8,2,1,3,4,6,5,6,3,7,9,8,2,1,4,8,4,7,3,1,2,6,5,9,9,1,2,6,4,5,8,7,3,2,3,1,9,7,4,5,6,8,4,9,5,2,8,6,1,3,7,6,7,8,1,5,3,4,9,2)
COUNT_NODES=758
COUNT_DEADENDS=448
