TOTAL_START=0.015000
PREPROCESSING_START=0.015000
PREPROCESSING_DONE=0.031000
SEARCH_START=0.046000
SEARCH_DONE=1429.780029
SOLUTION_TIME=1429.788940
STATUS=timeout
SOLUTION=1429.750000(1,2,4,5,6,7,9,C,3,A,B,8,6,3,7,8,5,2,A,B,9,1,4,C,A,B,9,C,3,1,8,4,7,6,2,5,4,1,B,3,8,5,7,A,C,9,6,2,7,8,2,9,C,6,B,1,4,3,5,A,C,6,5,A,9,4,2,3,1,B,8,7,B,7,A,4,2,3,1,5,6,8,C,9,3,9,8,2,7,B,C,6,5,4,A,1,5,C,6,1,A,9,4,8,B,2,7,3,8,4,C,6,1,A,5,9,2,7,3,B,9,5,3,7,B,8,6,2,A,C,1,4,2,A,1,B,4,C,3,7,8,5,9,6)
COUNT_NODES=844481
COUNT_DEADENDS=547938
