TOTAL_START=12.498000
PREPROCESSING_START=12.498000
PREPROCESSING_DONE=12.515000
SEARCH_START=12.545000
SEARCH_DONE=12.754000
SOLUTION_TIME=12.758000
STATUS=timeout
SOLUTION=0.226000(3,8,7,2,5,6,4,1,9,4,6,9,7,8,1,3,2,5,5,1,2,4,3,9,8,6,7,1,2,3,5,4,8,9,7,6,7,5,8,9,6,3,2,4,1,6,9,4,1,2,7,5,8,3,8,3,5,6,7,4,1,9,2,2,7,1,8,9,5,6,3,4,9,4,6,3,1,2,7,5,8)
COUNT_NODES=62
COUNT_DEADENDS=7
