TOTAL_START=451.270996
PREPROCESSING_START=451.270996
PREPROCESSING_DONE=451.282990
SEARCH_START=451.292999
SEARCH_DONE=472.806000
SOLUTION_TIME=472.809998
STATUS=timeout
SOLUTION=21.524994(5,8,6,1,2,7,9,4,3,7,2,3,4,6,9,8,5,1,4,9,1,8,5,3,2,6,7,1,3,5,9,7,4,6,2,8,2,7,9,6,1,8,5,3,4,6,4,8,5,3,2,1,7,9,9,1,7,2,4,6,3,8,5,3,5,2,7,8,1,4,9,6,8,6,4,3,9,5,7,1,2)
COUNT_NODES=8569
COUNT_DEADENDS=5652
