TOTAL_START=23.594999
PREPROCESSING_START=23.594999
PREPROCESSING_DONE=23.604000
SEARCH_START=23.610001
SEARCH_DONE=24.545000
SOLUTION_TIME=24.551001
STATUS=timeout
SOLUTION=0.944000(3,8,4,5,6,7,9,2,1,1,2,6,4,3,9,7,8,5,7,5,9,8,2,1,3,4,6,5,6,3,7,9,8,2,1,4,8,4,7,3,1,2,6,5,9,9,1,2,6,4,5,8,7,3,2,3,1,9,7,4,5,6,8,4,9,5,2,8,6,1,3,7,6,7,8,1,5,3,4,9,2)
COUNT_NODES=235
COUNT_DEADENDS=168
