TOTAL_START=480.709991
PREPROCESSING_START=480.709991
PREPROCESSING_DONE=480.721985
SEARCH_START=480.730988
SEARCH_DONE=483.807007
SOLUTION_TIME=483.812988
STATUS=timeout
SOLUTION=3.088013(1,5,9,7,4,3,8,6,2,2,7,6,5,8,9,4,3,1,3,4,8,6,1,2,7,5,9,6,2,4,9,7,8,3,1,5,9,1,7,2,3,5,6,8,4,5,8,3,1,6,4,2,9,7,4,3,5,8,2,1,9,7,6,8,6,1,4,9,7,5,2,3,7,9,2,3,5,6,1,4,8)
COUNT_NODES=927
COUNT_DEADENDS=561
