TOTAL_START=10.337000
PREPROCESSING_START=10.337000
PREPROCESSING_DONE=10.347000
SEARCH_START=10.354000
SEARCH_DONE=10.742000
SOLUTION_TIME=10.746000
STATUS=timeout
SOLUTION=0.398000(4,2,8,5,3,1,7,9,6,3,6,5,9,4,7,1,8,2,9,7,1,2,6,8,4,3,5,2,1,4,8,9,6,5,7,3,6,9,7,4,5,3,2,1,8,5,8,3,1,7,2,9,6,4,8,4,9,6,1,5,3,2,7,7,5,2,3,8,9,6,4,1,1,3,6,7,2,4,8,5,9)
COUNT_NODES=75
COUNT_DEADENDS=23
