TOTAL_START=212.371002
PREPROCESSING_START=212.371002
PREPROCESSING_DONE=212.382996
SEARCH_START=212.391998
SEARCH_DONE=213.179993
SOLUTION_TIME=213.184006
STATUS=timeout
SOLUTION=0.799988(7,4,3,5,1,2,9,8,6,5,8,9,3,4,6,2,1,7,1,2,6,9,8,7,3,4,5,9,3,4,2,5,1,7,6,8,6,7,1,4,9,8,5,3,2,8,5,2,7,6,3,4,9,1,3,9,8,6,7,5,1,2,4,4,1,7,8,2,9,6,5,3,2,6,5,1,3,4,8,7,9)
COUNT_NODES=298
COUNT_DEADENDS=151
