TOTAL_START=19.767000
PREPROCESSING_START=19.767000
PREPROCESSING_DONE=19.783001
SEARCH_START=19.799999
SEARCH_DONE=22.228001
SOLUTION_TIME=22.233000
STATUS=timeout
SOLUTION=2.444002(1,3,7,2,5,6,8,4,9,9,2,8,3,1,4,5,6,7,4,6,5,8,9,7,3,1,2,6,7,3,5,4,2,9,8,1,8,1,9,6,7,3,2,5,4,5,4,2,1,8,9,7,3,6,2,5,6,7,3,1,4,9,8,3,9,1,4,2,8,6,7,5,7,8,4,9,6,5,1,2,3)
COUNT_NODES=302
COUNT_DEADENDS=165
