TOTAL_START=9.344000
PREPROCESSING_START=9.344000
PREPROCESSING_DONE=9.353000
SEARCH_START=9.361000
SEARCH_DONE=9.707000
SOLUTION_TIME=9.711000
STATUS=timeout
SOLUTION=0.355000(7,8,6,9,4,5,3,1,2,2,1,9,8,6,3,4,5,7,5,3,4,2,7,1,8,6,9,1,6,5,4,8,2,9,7,3,3,2,7,6,1,9,5,4,8,4,9,8,5,3,7,1,2,6,9,5,1,7,2,8,6,3,4,8,4,2,3,5,6,7,9,1,6,7,3,1,9,4,2,8,5)
COUNT_NODES=66
COUNT_DEADENDS=12
