TOTAL_START=279.049988
PREPROCESSING_START=279.049988
PREPROCESSING_DONE=279.066986
SEARCH_START=279.087006
SEARCH_DONE=302.074005
SOLUTION_TIME=302.079010
STATUS=timeout
SOLUTION=23.003998(2,3,5,7,6,1,4,8,9,4,1,9,3,2,8,5,7,6,8,6,7,5,4,9,2,1,3,7,4,6,1,3,5,9,2,8,5,2,1,8,9,6,7,3,4,9,8,3,4,7,2,6,5,1,3,9,4,2,8,7,1,6,5,6,5,2,9,1,3,8,4,7,1,7,8,6,5,4,3,9,2)
COUNT_NODES=11086
COUNT_DEADENDS=8272
