TOTAL_START=2381.885986
PREPROCESSING_START=2381.885986
PREPROCESSING_DONE=2381.906982
SEARCH_START=2381.926025
SEARCH_DONE=2435.545898
SOLUTION_TIME=2435.555908
STATUS=timeout
SOLUTION=53.640869(2,6,4,7,1,C,5,A,B,9,8,3,7,B,C,A,9,3,4,1,8,6,5,2,9,A,5,6,4,8,7,2,3,B,C,1,3,1,8,5,2,B,6,9,C,4,A,7,4,2,3,B,5,1,8,7,6,C,9,A,B,5,7,C,6,9,A,3,1,2,4,8,6,9,1,8,A,2,C,5,4,3,7,B,8,C,A,3,7,4,9,B,2,5,1,6,A,4,6,1,3,7,2,C,9,8,B,5,C,7,2,9,8,A,B,6,5,1,3,4,1,8,B,2,C,5,3,4,A,7,6,9,5,3,9,4,B,6,1,8,7,A,2,C)
COUNT_NODES=4916
COUNT_DEADENDS=2917
