TOTAL_START=209.188004
PREPROCESSING_START=209.188004
PREPROCESSING_DONE=209.199005
SEARCH_START=209.207001
SEARCH_DONE=212.350006
SOLUTION_TIME=212.354996
STATUS=timeout
SOLUTION=3.154007(7,8,6,9,4,5,3,1,2,2,1,9,8,6,3,4,5,7,5,3,4,2,7,1,8,6,9,1,6,5,4,8,2,9,7,3,3,2,7,6,1,9,5,4,8,4,9,8,5,3,7,1,2,6,9,5,1,7,2,8,6,3,4,8,4,2,3,5,6,7,9,1,6,7,3,1,9,4,2,8,5)
COUNT_NODES=1362
COUNT_DEADENDS=979
