TOTAL_START=226.337006
PREPROCESSING_START=226.337006
PREPROCESSING_DONE=226.348999
SEARCH_START=226.356995
SEARCH_DONE=231.550003
SOLUTION_TIME=231.554001
STATUS=timeout
SOLUTION=5.205002(3,4,8,2,6,7,9,5,1,5,7,1,9,4,3,6,2,8,2,6,9,1,8,5,3,7,4,6,9,7,3,5,1,4,8,2,1,2,3,8,7,4,5,9,6,8,5,4,6,2,9,1,3,7,4,1,5,7,9,8,2,6,3,9,8,2,4,3,6,7,1,5,7,3,6,5,1,2,8,4,9)
COUNT_NODES=2485
COUNT_DEADENDS=1762
