TOTAL_START=8.901000
PREPROCESSING_START=8.901000
PREPROCESSING_DONE=8.910000
SEARCH_START=8.919000
SEARCH_DONE=9.099000
SOLUTION_TIME=9.103000
STATUS=timeout
SOLUTION=0.189000(3,6,1,7,2,5,9,4,8,5,8,7,9,6,4,2,1,3,4,9,2,8,3,1,6,5,7,6,3,8,2,5,9,4,7,1,1,7,4,6,8,3,5,9,2,2,5,9,1,4,7,8,3,6,7,4,6,3,9,2,1,8,5,9,2,3,5,1,8,7,6,4,8,1,5,4,7,6,3,2,9)
COUNT_NODES=45
COUNT_DEADENDS=0
