TOTAL_START=21.218000
PREPROCESSING_START=21.218000
PREPROCESSING_DONE=21.245001
SEARCH_START=21.271999
SEARCH_DONE=22.011000
SOLUTION_TIME=22.014999
STATUS=timeout
SOLUTION=0.766001(3,8,4,5,6,7,9,2,1,1,2,6,4,3,9,7,8,5,7,5,9,8,2,1,3,4,6,5,6,3,7,9,8,2,1,4,8,4,7,3,1,2,6,5,9,9,1,2,6,4,5,8,7,3,2,3,1,9,7,4,5,6,8,4,9,5,2,8,6,1,3,7,6,7,8,1,5,3,4,9,2)
COUNT_NODES=235
COUNT_DEADENDS=168
