TOTAL_START=8.926000
PREPROCESSING_START=8.926000
PREPROCESSING_DONE=8.960000
SEARCH_START=9.022000
SEARCH_DONE=9.182000
SOLUTION_TIME=9.187000
STATUS=timeout
SOLUTION=0.194000(7,4,3,5,1,2,9,8,6,5,8,9,3,4,6,2,1,7,1,2,6,9,8,7,3,4,5,9,3,4,2,5,1,7,6,8,6,7,1,4,9,8,5,3,2,8,5,2,7,6,3,4,9,1,3,9,8,6,7,5,1,2,4,4,1,7,8,2,9,6,5,3,2,6,5,1,3,4,8,7,9)
COUNT_NODES=49
COUNT_DEADENDS=0
