TOTAL_START=29.577999
PREPROCESSING_START=29.577999
PREPROCESSING_DONE=29.587999
SEARCH_START=29.593000
SEARCH_DONE=31.924999
SOLUTION_TIME=31.930000
STATUS=timeout
SOLUTION=2.341999(2,9,4,8,6,3,5,1,7,7,1,5,4,2,9,6,3,8,8,6,3,7,5,1,4,9,2,1,5,2,9,4,7,8,6,3,4,7,9,3,8,6,2,5,1,6,3,8,5,1,2,9,7,4,9,8,6,1,3,4,7,2,5,5,2,1,6,7,8,3,4,9,3,4,7,2,9,5,1,8,6)
COUNT_NODES=691
COUNT_DEADENDS=565
