TOTAL_START=20.577999
PREPROCESSING_START=20.577999
PREPROCESSING_DONE=20.589001
SEARCH_START=20.596001
SEARCH_DONE=20.841000
SOLUTION_TIME=20.844999
STATUS=timeout
SOLUTION=0.256001(3,6,5,9,4,2,8,7,1,1,2,8,7,5,6,4,9,3,9,7,4,8,1,3,5,6,2,8,1,9,4,3,5,6,2,7,5,3,7,2,6,8,1,4,9,6,4,2,1,7,9,3,5,8,2,9,6,3,8,4,7,1,5,7,5,3,6,9,1,2,8,4,4,8,1,5,2,7,9,3,6)
COUNT_NODES=51
COUNT_DEADENDS=0
