TOTAL_START=8.662000
PREPROCESSING_START=8.662000
PREPROCESSING_DONE=8.679000
SEARCH_START=8.709000
SEARCH_DONE=8.901000
SOLUTION_TIME=8.908000
STATUS=timeout
SOLUTION=0.209001(7,8,6,9,4,5,3,1,2,2,1,9,8,6,3,4,5,7,5,3,4,2,7,1,8,6,9,1,6,5,4,8,2,9,7,3,3,2,7,6,1,9,5,4,8,4,9,8,5,3,7,1,2,6,9,5,1,7,2,8,6,3,4,8,4,2,3,5,6,7,9,1,6,7,3,1,9,4,2,8,5)
COUNT_NODES=66
COUNT_DEADENDS=12
