TOTAL_START=103.896004
PREPROCESSING_START=103.896004
PREPROCESSING_DONE=103.906998
SEARCH_START=103.917000
SEARCH_DONE=114.825996
SOLUTION_TIME=114.832001
STATUS=timeout
SOLUTION=10.919991(9,7,6,1,2,5,4,3,8,1,5,8,4,3,6,9,2,7,4,2,3,8,7,9,1,5,6,2,3,4,7,6,1,8,9,5,8,6,7,9,5,2,3,1,4,5,1,9,3,8,4,7,6,2,7,8,2,5,1,3,6,4,9,3,9,5,6,4,7,2,8,1,6,4,1,2,9,8,5,7,3)
COUNT_NODES=4880
COUNT_DEADENDS=3145
