TOTAL_START=22.687000
PREPROCESSING_START=22.687000
PREPROCESSING_DONE=22.698000
SEARCH_START=22.705000
SEARCH_DONE=25.903000
SOLUTION_TIME=25.909000
STATUS=timeout
SOLUTION=3.209000(1,4,3,9,8,6,2,5,7,6,7,9,4,2,5,3,8,1,2,8,5,7,3,1,6,9,4,9,6,2,3,5,4,1,7,8,3,5,7,6,1,8,9,4,2,4,1,8,2,7,9,5,6,3,8,2,1,5,6,7,4,3,9,7,9,6,1,4,3,8,2,5,5,3,4,8,9,2,7,1,6)
COUNT_NODES=1031
COUNT_DEADENDS=613
