TOTAL_START=13.097000
PREPROCESSING_START=13.097000
PREPROCESSING_DONE=13.115000
SEARCH_START=13.145000
SEARCH_DONE=14.366000
SOLUTION_TIME=14.370000
STATUS=timeout
SOLUTION=1.238999(2,3,5,7,6,1,4,8,9,4,1,9,3,2,8,5,7,6,8,6,7,5,4,9,2,1,3,7,4,6,1,3,5,9,2,8,5,2,1,8,9,6,7,3,4,9,8,3,4,7,2,6,5,1,3,9,4,2,8,7,1,6,5,6,5,2,9,1,3,8,4,7,1,7,8,6,5,4,3,9,2)
COUNT_NODES=424
COUNT_DEADENDS=335
