TOTAL_START=52.117001
PREPROCESSING_START=52.117001
PREPROCESSING_DONE=52.136002
SEARCH_START=52.147999
SEARCH_DONE=52.903000
SOLUTION_TIME=52.911999
STATUS=timeout
SOLUTION=0.774002(1,5,4,2,6,9,C,7,3,A,B,8,6,7,A,3,5,B,8,2,4,9,1,C,B,8,9,C,3,4,1,A,7,6,2,5,4,1,B,6,8,7,9,5,C,2,A,3,9,A,7,8,C,3,2,4,1,B,5,6,C,3,2,5,B,6,A,1,9,4,8,7,A,B,5,4,2,1,3,C,6,8,7,9,3,2,8,9,7,5,B,6,A,C,4,1,7,C,6,1,9,A,4,8,B,5,3,2,8,4,C,A,1,2,7,9,5,3,6,B,5,9,3,7,A,8,6,B,2,1,C,4,2,6,1,B,4,C,5,3,8,7,9,A)
COUNT_NODES=111
COUNT_DEADENDS=2
