TOTAL_START=5.900000
PREPROCESSING_START=5.900000
PREPROCESSING_DONE=5.911000
SEARCH_START=5.918000
SEARCH_DONE=6.287000
SOLUTION_TIME=6.291000
STATUS=timeout
SOLUTION=0.380000(9,7,6,1,2,5,4,3,8,1,5,8,4,3,6,9,2,7,4,2,3,8,7,9,1,5,6,2,3,4,7,6,1,8,9,5,8,6,7,9,5,2,3,1,4,5,1,9,3,8,4,7,6,2,7,8,2,5,1,3,6,4,9,3,9,5,6,4,7,2,8,1,6,4,1,2,9,8,5,7,3)
COUNT_NODES=66
COUNT_DEADENDS=12
