TOTAL_START=2.397000
PREPROCESSING_START=2.397000
PREPROCESSING_DONE=2.407000
SEARCH_START=2.413000
SEARCH_DONE=2.754000
SOLUTION_TIME=2.758000
STATUS=timeout
SOLUTION=0.351000(1,4,3,9,8,6,2,5,7,6,7,9,4,2,5,3,8,1,2,8,5,7,3,1,6,9,4,9,6,2,3,5,4,1,7,8,3,5,7,6,1,8,9,4,2,4,1,8,2,7,9,5,6,3,8,2,1,5,6,7,4,3,9,7,9,6,1,4,3,8,2,5,5,3,4,8,9,2,7,1,6)
COUNT_NODES=70
COUNT_DEADENDS=13
