TOTAL_START=50.044998
PREPROCESSING_START=50.044998
PREPROCESSING_DONE=50.064999
SEARCH_START=50.078999
SEARCH_DONE=51.081001
SOLUTION_TIME=51.097000
STATUS=timeout
SOLUTION=1.022003(9,B,1,5,6,A,C,3,8,4,2,7,3,C,4,7,B,2,9,A,5,1,8,6,A,2,8,4,9,3,6,7,1,5,B,C,5,7,6,8,C,1,4,2,B,A,3,9,8,4,A,B,2,6,7,C,3,9,1,5,6,1,C,3,4,5,8,9,2,7,A,B,2,3,B,A,7,9,1,5,4,C,6,8,7,5,9,C,1,8,B,6,A,2,4,3,B,8,2,1,5,7,3,4,C,6,9,A,1,6,5,9,A,B,2,8,7,3,C,4,C,A,3,6,8,4,5,1,9,B,7,2,4,9,7,2,3,C,A,B,6,8,5,1)
COUNT_NODES=208
COUNT_DEADENDS=93
