TOTAL_START=231.574005
PREPROCESSING_START=231.574997
PREPROCESSING_DONE=231.595993
SEARCH_START=231.606003
SEARCH_DONE=233.820999
SOLUTION_TIME=233.824997
STATUS=timeout
SOLUTION=2.235992(1,2,4,9,8,6,7,3,5,8,6,7,4,3,5,9,1,2,3,9,5,7,1,2,6,8,4,4,7,8,3,5,9,2,6,1,2,5,9,8,6,1,3,4,7,6,3,1,2,7,4,5,9,8,7,1,2,6,9,8,4,5,3,9,8,3,5,4,7,1,2,6,5,4,6,1,2,3,8,7,9)
COUNT_NODES=895
COUNT_DEADENDS=537
