TOTAL_START=17.563000
PREPROCESSING_START=17.563000
PREPROCESSING_DONE=17.580000
SEARCH_START=17.615999
SEARCH_DONE=17.759001
SOLUTION_TIME=17.763000
STATUS=timeout
SOLUTION=0.160002(5,1,6,2,8,9,3,4,7,8,4,9,1,7,3,2,5,6,7,3,2,4,6,5,9,1,8,6,9,8,3,1,7,5,2,4,3,2,7,9,5,4,8,6,1,1,5,4,8,2,6,7,3,9,9,6,1,7,3,2,4,8,5,2,7,5,6,4,8,1,9,3,4,8,3,5,9,1,6,7,2)
COUNT_NODES=49
COUNT_DEADENDS=0
