TOTAL_START=14.188000
PREPROCESSING_START=14.188000
PREPROCESSING_DONE=14.197000
SEARCH_START=14.204000
SEARCH_DONE=14.463000
SOLUTION_TIME=14.467000
STATUS=timeout
SOLUTION=0.268000(3,4,5,8,7,1,2,6,9,2,7,9,6,5,3,1,8,4,8,6,1,4,2,9,5,3,7,1,9,7,3,4,6,8,5,2,4,5,2,7,1,8,3,9,6,6,8,3,5,9,2,7,4,1,7,3,8,2,6,4,9,1,5,5,1,6,9,3,7,4,2,8,9,2,4,1,8,5,6,7,3)
COUNT_NODES=53
COUNT_DEADENDS=0
