TOTAL_START=207.169006
PREPROCESSING_START=207.169006
PREPROCESSING_DONE=207.205994
SEARCH_START=207.240005
SEARCH_DONE=208.852997
SOLUTION_TIME=208.856003
STATUS=timeout
SOLUTION=1.649979(6,9,7,1,2,8,3,4,5,4,2,8,6,3,5,1,9,7,3,1,5,4,7,9,6,8,2,5,3,1,2,4,6,9,7,8,2,8,6,3,9,7,4,5,1,9,7,4,5,8,1,2,6,3,1,4,9,8,5,2,7,3,6,7,5,2,9,6,3,8,1,4,8,6,3,7,1,4,5,2,9)
COUNT_NODES=615
COUNT_DEADENDS=343
