TOTAL_START=2282.864990
PREPROCESSING_START=2282.864990
PREPROCESSING_DONE=2282.879883
SEARCH_START=2282.895996
SEARCH_DONE=2381.833984
SOLUTION_TIME=2381.843994
STATUS=timeout
SOLUTION=98.952881(2,B,1,5,6,8,7,A,C,4,3,9,3,C,4,7,B,A,9,1,5,2,8,6,8,7,A,1,9,3,6,2,4,5,B,C,9,5,6,2,C,4,8,3,B,A,1,7,A,4,7,B,2,6,1,C,3,9,5,8,6,3,C,8,5,1,B,9,2,7,4,A,B,2,9,A,7,C,4,5,8,1,6,3,5,1,8,3,4,9,A,6,7,C,2,B,C,8,2,6,A,7,3,4,1,B,9,5,7,6,5,9,1,B,2,8,A,3,C,4,1,A,3,4,8,5,C,B,9,6,7,2,4,9,B,C,3,2,5,7,6,8,A,1)
COUNT_NODES=12155
COUNT_DEADENDS=8103
