TOTAL_START=0.611000
PREPROCESSING_START=0.611000
PREPROCESSING_DONE=0.621000
SEARCH_START=0.630000
SEARCH_DONE=0.887000
SOLUTION_TIME=0.892000
STATUS=timeout
SOLUTION=0.267000(4,6,2,8,3,1,9,5,7,7,9,5,4,2,6,1,8,3,3,8,1,7,9,5,4,2,6,1,7,3,9,8,4,2,6,5,6,5,9,3,1,2,7,4,8,2,4,8,5,6,7,3,1,9,9,2,6,1,7,8,5,3,4,8,3,4,2,5,9,6,7,1,5,1,7,6,4,3,8,9,2)
COUNT_NODES=88
COUNT_DEADENDS=32
