TOTAL_START=10.049000
PREPROCESSING_START=10.049000
PREPROCESSING_DONE=10.059000
SEARCH_START=10.067000
SEARCH_DONE=10.319000
SOLUTION_TIME=10.323000
STATUS=timeout
SOLUTION=0.262000(7,8,2,6,1,4,3,5,9,4,3,9,8,2,5,1,7,6,6,5,1,9,3,7,4,2,8,2,9,3,4,7,1,8,6,5,5,6,8,3,9,2,7,1,4,1,4,7,5,6,8,2,9,3,3,2,6,7,4,9,5,8,1,9,7,5,1,8,3,6,4,2,8,1,4,2,5,6,9,3,7)
COUNT_NODES=49
COUNT_DEADENDS=0
