TOTAL_START=6.350000
PREPROCESSING_START=6.350000
PREPROCESSING_DONE=6.360000
SEARCH_START=6.367000
SEARCH_DONE=6.639000
SOLUTION_TIME=6.643000
STATUS=timeout
SOLUTION=0.282000(9,6,2,3,4,1,7,5,8,1,4,8,9,7,5,6,2,3,5,7,3,2,6,8,1,4,9,3,2,1,6,9,4,8,7,5,4,8,7,5,1,2,9,3,6,6,9,5,8,3,7,4,1,2,8,3,4,7,2,6,5,9,1,2,1,6,4,5,9,3,8,7,7,5,9,1,8,3,2,6,4)
COUNT_NODES=49
COUNT_DEADENDS=0
