TOTAL_START=18.691999
PREPROCESSING_START=18.691999
PREPROCESSING_DONE=18.709000
SEARCH_START=18.742001
SEARCH_DONE=18.879999
SOLUTION_TIME=18.884001
STATUS=timeout
SOLUTION=0.154999(1,9,3,6,7,2,4,8,5,4,6,2,3,5,8,9,7,1,7,8,5,9,1,4,6,2,3,5,3,8,2,9,6,7,1,4,6,7,4,1,3,5,2,9,8,2,1,9,4,8,7,3,5,6,8,2,6,7,4,1,5,3,9,9,4,1,5,2,3,8,6,7,3,5,7,8,6,9,1,4,2)
COUNT_NODES=49
COUNT_DEADENDS=0
