TOTAL_START=18.174999
PREPROCESSING_START=18.174999
PREPROCESSING_DONE=18.194000
SEARCH_START=18.228001
SEARCH_DONE=18.422001
SOLUTION_TIME=18.426001
STATUS=timeout
SOLUTION=0.213001(3,6,5,9,4,2,8,7,1,1,2,8,7,5,6,4,9,3,9,7,4,8,1,3,5,6,2,8,1,9,4,3,5,6,2,7,5,3,7,2,6,8,1,4,9,6,4,2,1,7,9,3,5,8,2,9,6,3,8,4,7,1,5,7,5,3,6,9,1,2,8,4,4,8,1,5,2,7,9,3,6)
COUNT_NODES=51
COUNT_DEADENDS=0
