TOTAL_START=16.426001
PREPROCESSING_START=16.426001
PREPROCESSING_DONE=16.436001
SEARCH_START=16.441999
SEARCH_DONE=18.086000
SOLUTION_TIME=18.090000
STATUS=timeout
SOLUTION=1.654001(7,6,1,5,4,3,2,8,9,8,3,2,7,9,1,6,4,5,5,4,9,6,2,8,1,3,7,3,7,4,2,1,5,9,6,8,1,2,8,9,3,6,5,7,4,6,9,5,4,8,7,3,2,1,4,1,7,3,6,9,8,5,2,9,5,3,8,7,2,4,1,6,2,8,6,1,5,4,7,9,3)
COUNT_NODES=538
COUNT_DEADENDS=441
