TOTAL_START=358.279999
PREPROCESSING_START=358.279999
PREPROCESSING_DONE=358.290985
SEARCH_START=358.304993
SEARCH_DONE=358.613007
SOLUTION_TIME=358.617004
STATUS=timeout
SOLUTION=0.319000(6,9,8,1,7,3,5,4,2,3,5,4,6,2,8,1,7,9,1,7,2,5,4,9,3,6,8,5,3,1,8,9,7,4,2,6,9,4,6,3,1,2,8,5,7,8,2,7,4,5,6,9,1,3,7,6,5,9,3,1,2,8,4,2,1,3,7,8,4,6,9,5,4,8,9,2,6,5,7,3,1)
COUNT_NODES=127
COUNT_DEADENDS=48
