TOTAL_START=364.118988
PREPROCESSING_START=364.118988
PREPROCESSING_DONE=364.131012
SEARCH_START=364.144989
SEARCH_DONE=364.365997
SOLUTION_TIME=364.369995
STATUS=timeout
SOLUTION=0.233032(1,3,4,5,8,7,2,9,6,2,7,8,1,6,9,3,5,4,6,9,5,2,3,4,8,1,7,3,5,9,8,1,6,4,7,2,8,2,1,4,7,3,5,6,9,7,4,6,9,2,5,1,8,3,9,1,7,3,4,8,6,2,5,4,6,2,7,5,1,9,3,8,5,8,3,6,9,2,7,4,1)
COUNT_NODES=62
COUNT_DEADENDS=3
