TOTAL_START=20.895000
PREPROCESSING_START=20.895000
PREPROCESSING_DONE=20.906000
SEARCH_START=20.915001
SEARCH_DONE=21.239000
SOLUTION_TIME=21.243000
STATUS=timeout
SOLUTION=0.334999(1,3,4,5,8,7,2,9,6,2,7,8,1,6,9,3,5,4,6,9,5,2,3,4,8,1,7,3,5,9,8,1,6,4,7,2,8,2,1,4,7,3,5,6,9,7,4,6,9,2,5,1,8,3,9,1,7,3,4,8,6,2,5,4,6,2,7,5,1,9,3,8,5,8,3,6,9,2,7,4,1)
COUNT_NODES=51
COUNT_DEADENDS=0
