TOTAL_START=41.169998
PREPROCESSING_START=41.169998
PREPROCESSING_DONE=41.199001
SEARCH_START=41.244999
SEARCH_DONE=45.349998
SOLUTION_TIME=45.354000
STATUS=timeout
SOLUTION=4.134003(9,6,2,3,4,1,7,5,8,1,4,8,9,7,5,6,2,3,5,7,3,2,6,8,1,4,9,3,2,1,6,9,4,8,7,5,4,8,7,5,1,2,9,3,6,6,9,5,8,3,7,4,1,2,8,3,4,7,2,6,5,9,1,2,1,6,4,5,9,3,8,7,7,5,9,1,8,3,2,6,4)
COUNT_NODES=561
COUNT_DEADENDS=326
