TOTAL_START=25.143000
PREPROCESSING_START=25.143000
PREPROCESSING_DONE=25.160999
SEARCH_START=25.186001
SEARCH_DONE=25.424999
SOLUTION_TIME=25.429001
STATUS=timeout
SOLUTION=0.256998(1,5,9,7,4,3,8,6,2,2,7,6,5,8,9,4,3,1,3,4,8,6,1,2,7,5,9,6,2,4,9,7,8,3,1,5,9,1,7,2,3,5,6,8,4,5,8,3,1,6,4,2,9,7,4,3,5,8,2,1,9,7,6,8,6,1,4,9,7,5,2,3,7,9,2,3,5,6,1,4,8)
COUNT_NODES=64
COUNT_DEADENDS=5
