TOTAL_START=238.259995
PREPROCESSING_START=238.259995
PREPROCESSING_DONE=238.272003
SEARCH_START=238.279007
SEARCH_DONE=246.082001
SOLUTION_TIME=246.085999
STATUS=timeout
SOLUTION=7.815002(5,8,1,4,7,9,2,6,3,3,2,9,1,5,6,8,4,7,6,4,7,3,2,8,1,5,9,9,5,6,7,3,1,4,2,8,2,3,8,9,6,4,5,7,1,7,1,4,5,8,2,9,3,6,1,7,2,6,9,5,3,8,4,8,9,3,2,4,7,6,1,5,4,6,5,8,1,3,7,9,2)
COUNT_NODES=3478
COUNT_DEADENDS=2495
