TOTAL_START=6.761000
PREPROCESSING_START=6.761000
PREPROCESSING_DONE=6.779000
SEARCH_START=6.809000
SEARCH_DONE=7.904000
SOLUTION_TIME=7.908000
STATUS=timeout
SOLUTION=1.112999(6,3,9,2,1,8,4,5,7,4,7,1,5,3,9,2,6,8,8,2,5,6,7,4,1,3,9,5,6,4,8,2,3,7,9,1,7,9,3,4,5,1,8,2,6,2,1,8,7,9,6,3,4,5,3,5,2,9,8,7,6,1,4,1,8,6,3,4,5,9,7,2,9,4,7,1,6,2,5,8,3)
COUNT_NODES=353
COUNT_DEADENDS=278
