TOTAL_START=14.386000
PREPROCESSING_START=14.386000
PREPROCESSING_DONE=14.404000
SEARCH_START=14.440000
SEARCH_DONE=14.728000
SOLUTION_TIME=14.735000
STATUS=timeout
SOLUTION=0.306001(2,9,8,1,7,5,6,4,3,6,5,7,3,9,4,1,2,8,1,3,4,2,8,6,5,7,9,8,2,1,6,4,9,7,3,5,5,7,3,8,2,1,4,9,6,4,6,9,7,5,3,2,8,1,3,1,2,4,6,8,9,5,7,7,8,5,9,1,2,3,6,4,9,4,6,5,3,7,8,1,2)
COUNT_NODES=82
COUNT_DEADENDS=23
