TOTAL_START=51.126999
PREPROCESSING_START=51.126999
PREPROCESSING_DONE=51.146999
SEARCH_START=51.160999
SEARCH_DONE=52.088001
SOLUTION_TIME=52.097000
STATUS=timeout
SOLUTION=0.947002(8,6,B,9,1,C,5,2,A,4,7,3,C,2,1,A,5,3,4,B,7,6,8,9,9,A,5,6,4,7,3,1,8,B,C,2,3,7,4,2,8,B,6,9,C,1,A,5,4,5,8,B,3,1,2,7,6,C,9,A,2,3,7,C,6,9,B,A,1,5,4,8,B,1,9,8,A,2,C,5,4,3,6,7,6,C,A,5,7,4,9,8,3,2,1,B,A,4,6,3,9,5,7,C,2,8,B,1,7,B,2,1,C,A,8,6,5,9,3,4,1,9,C,4,2,8,A,3,B,7,5,6,5,8,3,7,B,6,1,4,9,A,2,C)
COUNT_NODES=120
COUNT_DEADENDS=11
