TOTAL_START=438.460999
PREPROCESSING_START=438.460999
PREPROCESSING_DONE=438.472992
SEARCH_START=438.483002
SEARCH_DONE=442.295013
SOLUTION_TIME=442.299011
STATUS=timeout
SOLUTION=3.824005(4,6,9,1,5,8,3,7,2,7,1,2,4,6,3,8,5,9,5,3,8,2,9,7,6,4,1,9,2,7,6,3,4,5,1,8,3,8,5,7,1,9,4,2,6,1,4,6,5,8,2,7,9,3,6,5,3,9,4,1,2,8,7,2,9,4,8,7,6,1,3,5,8,7,1,3,2,5,9,6,4)
COUNT_NODES=1113
COUNT_DEADENDS=756
