TOTAL_START=348.390015
PREPROCESSING_START=348.390015
PREPROCESSING_DONE=348.412994
SEARCH_START=348.431000
SEARCH_DONE=358.256989
SOLUTION_TIME=358.261993
STATUS=timeout
SOLUTION=9.848969(1,3,2,6,4,9,7,8,5,7,5,8,2,1,3,6,4,9,9,6,4,7,8,5,1,2,3,5,4,3,8,9,7,2,1,6,2,7,6,5,3,1,8,9,4,8,9,1,4,2,6,5,3,7,6,1,9,3,7,8,4,5,2,3,2,7,1,5,4,9,6,8,4,8,5,9,6,2,3,7,1)
COUNT_NODES=3987
COUNT_DEADENDS=2588
