TOTAL_START=1.139000
PREPROCESSING_START=1.139000
PREPROCESSING_DONE=1.165000
SEARCH_START=1.209000
SEARCH_DONE=1.375000
SOLUTION_TIME=1.382000
STATUS=timeout
SOLUTION=0.192000(5,2,3,8,1,6,7,4,9,7,8,4,5,9,3,1,2,6,6,9,1,4,7,2,8,3,5,2,3,9,1,4,5,6,8,7,4,5,7,2,6,8,9,1,3,1,6,8,9,3,7,2,5,4,3,4,2,7,8,9,5,6,1,9,1,5,6,2,4,3,7,8,8,7,6,3,5,1,4,9,2)
COUNT_NODES=45
COUNT_DEADENDS=0
