TOTAL_START=26.406000
PREPROCESSING_START=26.406000
PREPROCESSING_DONE=26.434000
SEARCH_START=26.458000
SEARCH_DONE=28.674000
SOLUTION_TIME=28.677999
STATUS=timeout
SOLUTION=2.243999(2,9,4,8,6,3,5,1,7,7,1,5,4,2,9,6,3,8,8,6,3,7,5,1,4,9,2,1,5,2,9,4,7,8,6,3,4,7,9,3,8,6,2,5,1,6,3,8,5,1,2,9,7,4,9,8,6,1,3,4,7,2,5,5,2,1,6,7,8,3,4,9,3,4,7,2,9,5,1,8,6)
COUNT_NODES=691
COUNT_DEADENDS=565
