TOTAL_START=19.139999
PREPROCESSING_START=19.139999
PREPROCESSING_DONE=19.152000
SEARCH_START=19.159000
SEARCH_DONE=19.414000
SOLUTION_TIME=19.417999
STATUS=timeout
SOLUTION=0.267000(4,5,3,2,1,8,7,9,6,6,2,9,7,5,3,4,8,1,1,7,8,4,9,6,5,3,2,7,9,6,5,8,2,3,1,4,3,1,4,9,6,7,8,2,5,2,8,5,1,3,4,6,7,9,5,4,2,8,7,9,1,6,3,9,3,7,6,4,1,2,5,8,8,6,1,3,2,5,9,4,7)
COUNT_NODES=51
COUNT_DEADENDS=0
