TOTAL_START=1429.817017
PREPROCESSING_START=1429.817017
PREPROCESSING_DONE=1429.828979
SEARCH_START=1429.844971
SEARCH_DONE=5093.448242
SOLUTION_TIME=5093.459961
STATUS=timeout
SOLUTION=3663.615234(2,B,7,4,A,5,8,3,C,9,1,6,6,9,3,C,1,7,2,4,B,8,A,5,1,5,8,A,9,6,B,C,4,7,3,2,8,6,5,3,B,9,C,A,2,4,7,1,C,7,A,9,5,4,1,2,3,6,B,8,B,4,2,1,6,8,3,7,5,C,9,A,9,1,B,7,2,C,6,5,A,3,8,4,5,C,4,8,7,3,A,B,6,1,2,9,3,A,6,2,4,1,9,8,7,5,C,B,A,8,C,6,3,2,5,1,9,B,4,7,4,3,9,B,8,A,7,6,1,2,5,C,7,2,1,5,C,B,4,9,8,A,6,3)
COUNT_NODES=2072144
COUNT_DEADENDS=1269249
