TOTAL_START=28.568001
PREPROCESSING_START=28.568001
PREPROCESSING_DONE=28.577000
SEARCH_START=28.583000
SEARCH_DONE=29.518000
SOLUTION_TIME=29.525000
STATUS=timeout
SOLUTION=0.943998(8,6,1,3,5,7,2,9,4,5,9,7,4,8,2,3,6,1,4,3,2,6,1,9,7,8,5,9,1,6,2,7,5,8,4,3,3,5,8,9,6,4,1,2,7,2,7,4,1,3,8,9,5,6,7,8,9,5,4,1,6,3,2,1,4,3,8,2,6,5,7,9,6,2,5,7,9,3,4,1,8)
COUNT_NODES=248
COUNT_DEADENDS=176
