TOTAL_START=442.316986
PREPROCESSING_START=442.316986
PREPROCESSING_DONE=442.329010
SEARCH_START=442.338013
SEARCH_DONE=451.246002
SOLUTION_TIME=451.251007
STATUS=timeout
SOLUTION=8.920013(3,1,6,5,4,9,2,7,8,9,8,7,3,2,1,6,4,5,4,5,2,6,7,8,9,3,1,5,9,4,2,3,6,8,1,7,2,3,8,4,1,7,5,6,9,6,7,1,9,8,5,3,2,4,8,4,5,1,6,2,7,9,3,1,2,9,7,5,3,4,8,6,7,6,3,8,9,4,1,5,2)
COUNT_NODES=2525
COUNT_DEADENDS=1641
