TOTAL_START=22.688000
PREPROCESSING_START=22.688000
PREPROCESSING_DONE=22.709000
SEARCH_START=22.725000
SEARCH_DONE=77.893997
SOLUTION_TIME=77.899002
STATUS=timeout
SOLUTION=55.189999(1,7,6,9,2,3,5,8,4,5,2,4,8,1,7,6,3,9,8,9,3,6,5,4,2,7,1,9,5,7,3,4,8,1,6,2,6,3,8,1,9,2,4,5,7,4,1,2,7,6,5,3,9,8,2,6,5,4,8,9,7,1,3,7,8,1,2,3,6,9,4,5,3,4,9,5,7,1,8,2,6)
COUNT_NODES=7602
COUNT_DEADENDS=4737
