TOTAL_START=0.631000
PREPROCESSING_START=0.631000
PREPROCESSING_DONE=0.643000
SEARCH_START=0.650000
SEARCH_DONE=1.246000
SOLUTION_TIME=1.250000
STATUS=timeout
SOLUTION=0.608000(2,4,5,9,8,1,3,7,6,1,6,9,2,7,3,5,8,4,8,3,7,5,6,4,2,1,9,9,7,6,1,2,5,4,3,8,5,1,3,4,9,8,6,2,7,4,8,2,7,3,6,9,5,1,3,9,1,6,5,7,8,4,2,7,2,8,3,4,9,1,6,5,6,5,4,8,1,2,7,9,3)
COUNT_NODES=183
COUNT_DEADENDS=87
