TOTAL_START=472.837006
PREPROCESSING_START=472.837006
PREPROCESSING_DONE=472.851990
SEARCH_START=472.864014
SEARCH_DONE=480.671997
SOLUTION_TIME=480.677002
STATUS=timeout
SOLUTION=7.822968(9,5,4,2,1,3,6,8,7,6,1,7,5,4,8,9,2,3,8,3,2,7,9,6,5,4,1,7,6,3,8,5,1,2,9,4,1,2,8,9,7,4,3,6,5,5,4,9,3,6,2,1,7,8,2,8,1,6,3,7,4,5,9,4,7,5,1,2,9,8,3,6,3,9,6,4,8,5,7,1,2)
COUNT_NODES=2230
COUNT_DEADENDS=1525
