TOTAL_START=6.657000
PREPROCESSING_START=6.657000
PREPROCESSING_DONE=6.666000
SEARCH_START=6.673000
SEARCH_DONE=7.242000
SOLUTION_TIME=7.246000
STATUS=timeout
SOLUTION=0.578000(3,9,7,6,8,1,5,2,4,6,4,5,2,7,9,8,1,3,2,1,8,5,3,4,9,7,6,8,2,3,9,5,6,7,4,1,1,6,9,7,4,2,3,5,8,7,5,4,3,1,8,6,9,2,4,7,2,8,9,3,1,6,5,5,3,1,4,6,7,2,8,9,9,8,6,1,2,5,4,3,7)
COUNT_NODES=88
COUNT_DEADENDS=29
