TOTAL_START=1.313000
PREPROCESSING_START=1.313000
PREPROCESSING_DONE=1.324000
SEARCH_START=1.331000
SEARCH_DONE=4.794000
SOLUTION_TIME=4.798000
STATUS=timeout
SOLUTION=3.474000(4,6,2,8,3,1,9,5,7,7,9,5,4,2,6,1,8,3,3,8,1,7,9,5,4,2,6,1,7,3,9,8,4,2,6,5,6,5,9,3,1,2,7,4,8,2,4,8,5,6,7,3,1,9,9,2,6,1,7,8,5,3,4,8,3,4,2,5,9,6,7,1,5,1,7,6,4,3,8,9,2)
COUNT_NODES=1715
COUNT_DEADENDS=1076
