TOTAL_START=9.118000
PREPROCESSING_START=9.118000
PREPROCESSING_DONE=9.128000
SEARCH_START=9.142000
SEARCH_DONE=9.326000
SOLUTION_TIME=9.330000
STATUS=timeout
SOLUTION=0.194000(3,5,9,8,6,7,1,2,4,6,4,8,3,1,2,5,9,7,7,1,2,5,4,9,8,3,6,8,7,6,9,2,4,3,5,1,5,2,4,7,3,1,9,6,8,1,9,3,6,8,5,4,7,2,9,3,1,4,7,6,2,8,5,4,6,5,2,9,8,7,1,3,2,8,7,1,5,3,6,4,9)
COUNT_NODES=45
COUNT_DEADENDS=0
