TOTAL_START=9.474000
PREPROCESSING_START=9.474000
PREPROCESSING_DONE=9.496000
SEARCH_START=9.533000
SEARCH_DONE=9.777000
SOLUTION_TIME=9.781000
STATUS=timeout
SOLUTION=0.266001(4,2,8,5,3,1,7,9,6,3,6,5,9,4,7,1,8,2,9,7,1,2,6,8,4,3,5,2,1,4,8,9,6,5,7,3,6,9,7,4,5,3,2,1,8,5,8,3,1,7,2,9,6,4,8,4,9,6,1,5,3,2,7,7,5,2,3,8,9,6,4,1,1,3,6,7,2,4,8,5,9)
COUNT_NODES=75
COUNT_DEADENDS=23
