TOTAL_START=566.359009
PREPROCESSING_START=566.359009
PREPROCESSING_DONE=566.382996
SEARCH_START=566.398010
SEARCH_DONE=585.145020
SOLUTION_TIME=585.148987
STATUS=timeout
SOLUTION=18.770996(3,5,1,2,8,6,4,9,7,4,9,2,1,5,7,6,3,8,7,8,6,9,3,4,5,1,2,2,7,5,4,6,9,1,8,3,9,3,8,5,2,1,7,6,4,6,1,4,8,7,3,2,5,9,8,2,9,6,4,5,3,7,1,1,6,3,7,9,2,8,4,5,5,4,7,3,1,8,9,2,6)
COUNT_NODES=7607
COUNT_DEADENDS=5013
