TOTAL_START=116.625999
PREPROCESSING_START=116.625999
PREPROCESSING_DONE=116.638000
SEARCH_START=116.646004
SEARCH_DONE=148.367004
SOLUTION_TIME=148.371994
STATUS=timeout
SOLUTION=31.733002(3,9,7,6,8,1,5,2,4,6,4,5,2,7,9,8,1,3,2,1,8,5,3,4,9,7,6,8,2,3,9,5,6,7,4,1,1,6,9,7,4,2,3,5,8,7,5,4,3,1,8,6,9,2,4,7,2,8,9,3,1,6,5,5,3,1,4,6,7,2,8,9,9,8,6,1,2,5,4,3,7)
COUNT_NODES=14924
COUNT_DEADENDS=10263
