TOTAL_START=18.896999
PREPROCESSING_START=18.896999
PREPROCESSING_DONE=18.915001
SEARCH_START=18.945000
SEARCH_DONE=21.127001
SOLUTION_TIME=21.131001
STATUS=timeout
SOLUTION=2.200003(8,1,4,9,7,6,5,3,2,6,5,9,1,2,3,4,7,8,7,3,2,8,5,4,1,6,9,9,4,8,2,6,5,3,1,7,2,7,5,3,4,1,8,9,6,1,6,3,7,9,8,2,4,5,3,9,1,6,8,2,7,5,4,5,8,7,4,3,9,6,2,1,4,2,6,5,1,7,9,8,3)
COUNT_NODES=635
COUNT_DEADENDS=528
