TOTAL_START=24.615999
PREPROCESSING_START=24.615999
PREPROCESSING_DONE=24.635000
SEARCH_START=24.646999
SEARCH_DONE=25.375999
SOLUTION_TIME=25.379999
STATUS=timeout
SOLUTION=0.748001(4,6,9,1,5,8,3,7,2,7,1,2,4,6,3,8,5,9,5,3,8,2,9,7,6,4,1,9,2,7,6,3,4,5,1,8,3,8,5,7,1,9,4,2,6,1,4,6,5,8,2,7,9,3,6,5,3,9,4,1,2,8,7,2,9,4,8,7,6,1,3,5,8,7,1,3,2,5,9,6,4)
COUNT_NODES=178
COUNT_DEADENDS=116
