TOTAL_START=17.051001
PREPROCESSING_START=17.051001
PREPROCESSING_DONE=17.069000
SEARCH_START=17.104000
SEARCH_DONE=17.253000
SOLUTION_TIME=17.257000
STATUS=timeout
SOLUTION=0.167000(8,5,2,7,1,6,9,4,3,1,9,7,8,4,3,6,5,2,4,6,3,9,2,5,1,8,7,2,7,8,6,3,4,5,9,1,6,4,5,1,7,9,3,2,8,9,3,1,5,8,2,4,7,6,7,8,6,4,9,1,2,3,5,3,1,4,2,5,8,7,6,9,5,2,9,3,6,7,8,1,4)
COUNT_NODES=50
COUNT_DEADENDS=0
