TOTAL_START=216.824997
PREPROCESSING_START=216.824997
PREPROCESSING_DONE=216.837006
SEARCH_START=216.845993
SEARCH_DONE=226.313004
SOLUTION_TIME=226.317001
STATUS=timeout
SOLUTION=9.479019(4,2,5,7,8,1,9,3,6,1,7,8,3,6,9,5,2,4,3,6,9,5,2,4,1,8,7,8,9,4,1,5,7,3,6,2,6,5,2,8,4,3,7,9,1,7,1,3,6,9,2,8,4,5,9,8,7,2,1,6,4,5,3,5,3,6,4,7,8,2,1,9,2,4,1,9,3,5,6,7,8)
COUNT_NODES=3065
COUNT_DEADENDS=2033
