TOTAL_START=362.227997
PREPROCESSING_START=362.227997
PREPROCESSING_DONE=362.240997
SEARCH_START=362.259003
SEARCH_DONE=363.381012
SOLUTION_TIME=363.385010
STATUS=timeout
SOLUTION=1.135010(9,4,5,6,8,1,7,2,3,7,8,1,2,3,4,9,6,5,3,2,6,7,5,9,1,8,4,2,6,9,1,7,5,3,4,8,1,3,8,9,4,2,5,7,6,5,7,4,8,6,3,2,1,9,4,5,7,3,2,6,8,9,1,6,1,2,5,9,8,4,3,7,8,9,3,4,1,7,6,5,2)
COUNT_NODES=574
COUNT_DEADENDS=395
