TOTAL_START=26.188999
PREPROCESSING_START=26.188999
PREPROCESSING_DONE=26.205000
SEARCH_START=26.212999
SEARCH_DONE=99.960999
SOLUTION_TIME=99.964996
STATUS=timeout
SOLUTION=73.764000(8,1,4,9,7,6,5,3,2,6,5,9,1,2,3,4,7,8,7,3,2,8,5,4,1,6,9,9,4,8,2,6,5,3,1,7,2,7,5,3,4,1,8,9,6,1,6,3,7,9,8,2,4,5,3,9,1,6,8,2,7,5,4,5,8,7,4,3,9,6,2,1,4,2,6,5,1,7,9,8,3)
COUNT_NODES=39947
COUNT_DEADENDS=23417
