TOTAL_START=246.436005
PREPROCESSING_START=246.436005
PREPROCESSING_DONE=246.447998
SEARCH_START=246.455994
SEARCH_DONE=279.019012
SOLUTION_TIME=279.023010
STATUS=timeout
SOLUTION=32.575012(3,4,5,8,7,1,2,6,9,2,7,9,6,5,3,1,8,4,8,6,1,4,2,9,5,3,7,1,9,7,3,4,6,8,5,2,4,5,2,7,1,8,3,9,6,6,8,3,5,9,2,7,4,1,7,3,8,2,6,4,9,1,5,5,1,6,9,3,7,4,2,8,9,2,4,1,8,5,6,7,3)
COUNT_NODES=14875
COUNT_DEADENDS=9969
