TOTAL_START=4.950000
PREPROCESSING_START=4.950000
PREPROCESSING_DONE=4.960000
SEARCH_START=4.966000
SEARCH_DONE=5.877000
SOLUTION_TIME=5.882000
STATUS=timeout
SOLUTION=0.921000(7,6,1,9,2,8,4,5,3,9,2,5,7,4,3,1,6,8,4,3,8,6,1,5,9,2,7,3,5,7,4,6,1,2,8,9,8,9,4,3,7,2,6,1,5,2,1,6,5,8,9,3,7,4,6,8,9,1,5,4,7,3,2,1,4,2,8,3,7,5,9,6,5,7,3,2,9,6,8,4,1)
COUNT_NODES=268
COUNT_DEADENDS=199
