TOTAL_START=246.104996
PREPROCESSING_START=246.104996
PREPROCESSING_DONE=246.117004
SEARCH_START=246.125000
SEARCH_DONE=246.417007
SOLUTION_TIME=246.421005
STATUS=timeout
SOLUTION=0.304016(3,8,7,2,5,6,4,1,9,4,6,9,7,8,1,3,2,5,5,1,2,4,3,9,8,6,7,1,2,3,5,4,8,9,7,6,7,5,8,9,6,3,2,4,1,6,9,4,1,2,7,5,8,3,8,3,5,6,7,4,1,9,2,2,7,1,8,9,5,6,3,4,9,4,6,3,1,2,7,5,8)
COUNT_NODES=127
COUNT_DEADENDS=48
