TOTAL_START=0.004000
PREPROCESSING_START=0.004000
PREPROCESSING_DONE=0.005000
SEARCH_START=0.013000
SEARCH_DONE=0.081000
SOLUTION_TIME=0.081000
STATUS=success
SOLUTION=0.069000(1,0,0,0,0,3,4,0,0,0,0,0,0,2,0,3)
COUNT_NODES=12
COUNT_DEADENDS=13
