TOTAL_START=0.003000
PREPROCESSING_START=0.003000
PREPROCESSING_DONE=0.008000
SEARCH_START=0.035000
SEARCH_DONE=0.065000
SOLUTION_TIME=0.065000
STATUS=success
SOLUTION=0.035000(5,8,3,1,2,4,6,9,7,9,7,2,3,8,5,4,6,1,2,7,1,8,9,6,4,5,3,6,7,8,1,5,2,9,4,3,7,3,2,5,6,9,1,4,8,4,9,6,7,1,8,2,5,3,4,3,2,6,7,9,5,8,1,8,6,4,2,5,3,1,7,9,8,2,5,9,1,7,3,6,4)
COUNT_NODES=49
COUNT_DEADENDS=0
