TOTAL_START=0.003000
PREPROCESSING_START=0.003000
PREPROCESSING_DONE=0.004000
SEARCH_START=0.014000
SEARCH_DONE=0.051000
SOLUTION_TIME=0.051000
STATUS=success
SOLUTION=0.038000(1,0,0,0,0,3,4,0,0,0,0,0,0,2,0,3)
COUNT_NODES=3
COUNT_DEADENDS=4
