TOTAL_START=0.003000
PREPROCESSING_START=0.003000
PREPROCESSING_DONE=0.007000
SEARCH_START=0.025000
SEARCH_DONE=2.138000
SOLUTION_TIME=2.138000
STATUS=success
SOLUTION=2.117000(4,7,3,1,2,9,6,8,3,9,3,6,3,2,5,9,1,1,2,9,1,8,3,6,4,5,4,8,4,8,1,7,2,9,2,6,7,6,9,4,5,8,3,7,8,1,5,6,7,6,8,2,9,8,3,1,2,6,4,9,5,6,7,8,2,7,2,8,3,5,4,9,5,8,5,9,1,2,3,3,1)
COUNT_NODES=49
COUNT_DEADENDS=0
