TOTAL_START=0.002000
PREPROCESSING_START=0.002000
SEARCH_START=0.020000
SEARCH_DONE=0.063000
SOLUTION_TIME=0.063000
STATUS=success
SOLUTION=0.041000(4,8,3,9,2,1,6,5,7,9,6,7,3,4,5,8,2,1,2,5,1,8,7,6,4,9,3,5,4,8,1,3,2,9,7,6,7,2,9,5,6,4,1,3,8,1,3,6,7,9,8,2,4,5,3,7,2,6,8,9,5,1,4,8,1,4,2,5,3,7,6,9,6,9,5,4,1,7,3,8,2)
COUNT_NODES=489
COUNT_DEADENDS=440
