TOTAL_START=0.001000
PREPROCESSING_START=0.001000
PREPROCESSING_DONE=0.026000
SEARCH_START=0.026000
SEARCH_DONE=0.041000
SOLUTION_TIME=0.041000
STATUS=success
SOLUTION=0.040000(4,5,3,9,2,1,6,8,7,9,8,7,3,4,5,2,9,1,2,3,1,8,7,6,4,5,3,5,4,8,1,3,2,9,7,6,7,2,4,5,9,6,1,3,8,1,9,6,7,4,8,2,9,5,6,3,2,6,8,9,5,1,4,8,1,9,2,5,3,7,6,9,7,6,5,4,1,7,3,8,2)
COUNT_NODES=324
COUNT_DEADENDS=275
